# timestamp tx ty tz qx qy qz qw  (camera-to-world)
7520428410 -0.16365269 0.05427310 -0.04235933 0.05818659 -0.00744076 -0.70238796 0.70937304
7522610800 -0.12148885 0.08913331 -0.17374161 -0.00531176 -0.05419048 0.71084310 -0.70123981
7523360476 -0.03392518 0.11638705 -0.26013660 0.06147907 -0.12528123 0.70190949 -0.69846117
7523760303 -0.01846632 0.12035844 -0.24162383 0.10620402 -0.18229754 0.70302287 -0.67915179
7524210108 0.01269691 0.13449150 -0.18255061 0.18466246 -0.25369172 0.68511011 -0.65739214
7524626595 0.07546273 0.14154202 -0.13738978 0.22049717 -0.30375243 0.67991554 -0.62994469
7524993103 0.10328472 0.14896180 -0.12490006 0.26334891 -0.35699147 0.66079885 -0.60543317
7525242995 0.08247984 0.15431489 -0.13178545 0.30288444 -0.40427689 0.63580823 -0.58358299
7525559525 0.05448259 0.16656935 -0.15531711 0.34594754 -0.46283853 0.60648877 -0.54614298
7526109287 0.01052471 0.16306107 -0.19249183 0.40792941 -0.53067777 0.55171218 -0.49758253
7526625731 -0.03298263 0.15252574 -0.17268354 -0.46769796 0.56688148 -0.50137653 0.45664602
7527208812 -0.05979179 0.14759159 -0.07916626 -0.53136202 0.59141312 -0.45873473 0.39679639
7527775234 -0.06852841 0.12035757 0.02127412 -0.57939116 0.61282436 -0.40710139 0.35074300
7528125082 -0.11239839 0.11725330 0.08078355 -0.60304347 0.63519414 -0.36674014 0.31363776
7528608207 -0.22735149 0.12826910 0.16040246 -0.62805455 0.67068260 -0.30897929 0.24548752
7528974715 -0.28660953 0.14086442 0.21225186 -0.64909828 0.69140097 -0.25872561 0.18356791
7529591115 -0.29149085 0.13518557 0.27871472 -0.67276036 0.70541060 -0.19105118 0.11527719
7530407429 -0.00956718 0.11546133 0.47928100 -0.68812252 0.70123955 -0.15435174 0.10452761
7530890553 0.20479494 0.10764848 0.65352917 -0.69189313 0.70999341 -0.10967912 0.07185922
7531323699 0.36834684 0.10545838 0.85723820 -0.70225718 0.70759603 -0.07267592 0.02934132
7531823483 0.58581096 0.10055672 1.06116080 -0.70026112 0.71321447 -0.02910493 0.01060132
7532339926 0.84312450 0.07401930 1.25220700 0.71664515 -0.69733667 -0.01188003 0.00039387
7532756413 0.98697376 0.06245055 1.46330070 0.70717793 -0.70411191 -0.05369615 0.03524931
7533189559 1.12371350 0.07105991 1.72623850 -0.69310697 0.71186788 0.09066921 -0.06801434
7533922576 1.42585270 0.03971958 2.08910370 0.70752052 -0.70033437 -0.08411452 0.04325768
7534655592 1.69772460 0.03785657 2.48129630 0.70512103 -0.70302690 -0.07143320 0.05877770
7534955462 1.85900220 0.04568746 2.59962960 -0.69247522 0.70095387 0.12326606 -0.11809838
7535122056 1.96346250 0.04944546 2.63393040 -0.68525098 0.69256366 0.15965296 -0.15905222
7535305311 2.07474020 0.05623391 2.65458730 0.68421667 -0.67635996 -0.18433299 0.20101270
7535721797 2.25065060 0.07368247 2.69161500 0.68782927 -0.64102214 -0.22647678 0.25434184
7536421494 2.29529260 0.10113346 2.75425300 0.67926250 -0.62422705 -0.22436553 0.31401140
7536688046 2.31481550 0.11220443 2.74864050 0.66492797 -0.60195985 -0.25119175 0.36389262
7537004576 2.34341840 0.11591021 2.73005030 0.63859951 -0.57294520 -0.29985413 0.41714742
7537454381 2.38200860 0.12031157 2.68952040 0.60313492 -0.52757661 -0.36976725 0.47028010
7537837549 2.41673470 0.12511419 2.70163350 0.55014644 -0.47743211 -0.42824721 0.53479136
7538237376 2.44020410 0.11245475 2.72623920 0.48409835 -0.42199644 -0.49220933 0.58762043
7538653862 2.43273930 0.10797498 2.70470930 0.43870248 -0.36682866 -0.54163061 0.61612754
7539003711 2.39328700 0.10656966 2.65541120 0.40080447 -0.32729947 -0.57104610 0.63728894
7539386878 2.33266140 0.09625173 2.57906990 0.34138205 -0.28231290 -0.60868312 0.65822685
7539670089 2.28030680 0.09233122 2.52347230 0.29721282 -0.23929318 -0.63168476 0.67481677
7539953300 2.22234560 0.09076447 2.47795100 0.25794741 -0.19500619 -0.65566881 0.68230061
7540403105 2.13048670 0.08007087 2.43279390 0.20448042 -0.14597811 -0.67943281 0.68938321
7540819592 2.05950700 0.08032873 2.35988100 0.15656208 -0.09693052 -0.69108507 0.69892361
7541386013 2.04040930 0.09062517 2.22139550 0.09797055 -0.03021886 -0.69028852 0.71623345
7541935776 1.98779980 0.08114998 2.08247500 0.03827154 0.02502112 -0.68825863 0.72402299
7542485538 1.74709510 0.07903321 1.98698130 -0.00801471 0.06736284 -0.69932672 0.71157582
7542702111 1.65329950 0.08471653 1.97187510 0.04082953 -0.11573076 0.70833197 -0.69512960
7542918684 1.60462280 0.10000916 1.96685090 0.06489708 -0.16698151 0.71308322 -0.67780371
7543235214 1.62584730 0.12231653 1.96356730 0.07688067 -0.22549367 0.72590881 -0.64521188
7543518424 1.69018780 0.15938264 1.96658700 0.08192860 -0.28165017 0.72556390 -0.62250937
7543818295 1.75008890 0.17621456 1.96851000 0.14657077 -0.34752310 0.70245833 -0.60357021
7544001549 1.76551190 0.17923793 1.98067700 0.19066333 -0.39572185 0.67744957 -0.59001169
7544218122 1.78066340 0.19054165 2.00760250 0.23251181 -0.43971272 0.66260394 -0.55995267
7544601289 1.76057800 0.20226374 2.09744140 0.28128954 -0.49766782 0.64207303 -0.51082792
7544901159 1.73000400 0.20887986 2.18343640 0.33898881 -0.54971002 0.61825580 -0.44795674
7545201030 1.73421290 0.21393919 2.24377600 0.38908824 -0.59662975 0.59782896 -0.36775509
7545567538 1.76764560 0.24097675 2.26290250 -0.39073893 0.64610087 -0.58534569 0.29537634
7545800770 1.79111870 0.26275054 2.27222320 -0.39679696 0.69157309 -0.56424401 0.21426046
7546034003 1.79991570 0.27858654 2.27397750 -0.42699480 0.72547241 -0.52668845 0.11817143
7546350532 1.77483090 0.29086035 2.26845000 -0.50464756 0.73601675 -0.45119222 0.00598165
7546683721 1.74514820 0.30129743 2.20694020 -0.56204782 0.73162795 -0.37085051 -0.10626705
7546916954 1.74095870 0.30426657 2.16655660 -0.58966871 0.72639813 -0.28893723 -0.20285920
7547150186 1.75127570 0.30578423 2.16202570 -0.63451486 0.68409309 -0.19284570 -0.30367428
7547416738 1.77625860 0.30375344 2.18848320 0.68567175 -0.60160204 0.09024319 0.39973167
7547733267 1.81225280 0.29376197 2.22465970 0.70809262 -0.52635998 -0.01300150 0.47051140
7548066457 1.83580280 0.29131150 2.28253980 0.69039073 -0.46288334 -0.10614036 0.54574158
7548399646 1.85104230 0.28692454 2.37622760 0.65099612 -0.37460236 -0.21191999 0.62527358
7548599559 1.85980530 0.28844450 2.41357000 0.61812953 -0.30378656 -0.28317106 0.66741573
7548799473 1.85977240 0.29755133 2.42294120 0.58677918 -0.22810111 -0.35310305 0.69208259
7549016046 1.84889320 0.29834196 2.40830330 0.55894102 -0.15852068 -0.40676726 0.70497980
7549232619 1.83218000 0.29981260 2.36632630 0.53071445 -0.09482403 -0.46114092 0.70476920
7549449191 1.80880500 0.29806417 2.32807400 0.49328232 -0.03357015 -0.50671754 0.70624566
7549682424 1.79686580 0.28907263 2.30662400 0.45341849 0.04147225 -0.55166368 0.69882681
7549932316 1.80196310 0.28069815 2.31647350 0.41505673 0.12362034 -0.58012145 0.68985870
7550182208 1.84921660 0.27713132 2.31947200 0.35713144 0.19635908 -0.60891208 0.68053386
7550365462 1.89468720 0.28185940 2.31783460 0.29560534 0.26312851 -0.62937780 0.66877833
7550582035 1.95174590 0.27559805 2.31615380 -0.21577722 -0.33841177 0.65533659 -0.63988407
7550831927 2.00797080 0.27682155 2.31641750 -0.13311437 -0.38926392 0.67889538 -0.60815724
7551098478 2.03640370 0.27894393 2.32385730 -0.06610000 -0.44891399 0.68685394 -0.56774878
7551448327 2.06166800 0.27600282 2.36728790 0.00679378 -0.51984673 0.69607832 -0.49516481
7551698218 2.08456680 0.27555844 2.42452450 0.04547168 -0.57004748 0.69919570 -0.42907292
7551981429 2.12565040 0.26136595 2.48509140 0.06157712 -0.61350159 0.70000096 -0.36030919
7552381256 2.21760920 0.24085492 2.54129960 0.02773318 -0.61924196 0.72875628 -0.29100609
7552731105 2.25146480 0.23543784 2.54855280 -0.01036137 -0.56771052 0.74797255 -0.34370696
7552881040 2.23307230 0.23400655 2.52486660 -0.00352732 -0.53092352 0.74964105 -0.39515322
7553180910 2.22264360 0.22878575 2.46921780 0.00195557 -0.47096690 0.75228109 -0.46071632
7553430802 2.20532920 0.21702383 2.40583780 0.01761562 -0.41127335 0.75253372 -0.51403981
7553680694 2.18117520 0.19385594 2.32062900 0.05875820 -0.35391078 0.74514095 -0.56219178
7553947245 2.15283660 0.15644458 2.21875980 0.10851905 -0.29234781 0.73669351 -0.60003254
7554230456 2.12325050 0.10868682 2.12158870 0.14181699 -0.21989151 0.71582142 -0.64740664
7554513667 2.11001660 0.03920826 2.02813220 0.20282745 -0.13704066 0.69471838 -0.67634847
7555046769 2.05965640 -0.05791220 1.96907220 -0.28656896 0.05765602 -0.64610119 0.70505835
7555513234 1.90740490 -0.07646661 2.01669070 -0.35108907 0.09027125 -0.61064960 0.70405584
7555863082 1.79528890 -0.08663265 2.07296010 -0.39750308 0.13268090 -0.58592219 0.69360094
7556479482 1.69320810 -0.09676364 2.14985500 -0.44132878 0.17741645 -0.56211237 0.67659589
7557095882 1.58901640 -0.07542634 2.12410160 -0.47926736 0.25765458 -0.51138449 0.66513368
7557479050 1.52710520 -0.06846918 2.11103300 -0.51735647 0.31608933 -0.46898346 0.64224944
7557978833 1.48882450 -0.07349755 2.14233180 -0.56864549 0.38620101 -0.39983571 0.60631880
7558728509 1.50884810 -0.06266259 2.22114320 0.60782491 -0.44958422 0.34078603 -0.55882716
7559078357 1.52606600 -0.07394497 2.31210830 0.63002473 -0.46964047 0.29656360 -0.54273078
7559344908 1.54717500 -0.08600720 2.39730260 0.65019969 -0.49051940 0.25340716 -0.52193475
7559561481 1.57371710 -0.10059567 2.47021400 0.66735459 -0.51260479 0.20841108 -0.49843656
7559878011 1.60874840 -0.11437664 2.56072640 0.68845625 -0.55323384 0.12673517 -0.45155122
7560161222 1.61841570 -0.10711694 2.61942460 0.69809226 -0.59939034 0.05776636 -0.38737768
7560477751 1.60743730 -0.09726650 2.66743450 0.68949729 -0.65106479 -0.01423645 -0.31702594
7560860919 1.62276120 -0.08667216 2.69670410 -0.68075318 0.68747607 0.08950917 0.23651609
7561210767 1.70790420 -0.09432840 2.71397420 -0.66031781 0.70992412 0.17222161 0.17414895
7561577275 1.80221810 -0.10189555 2.69095350 -0.64565825 0.71369744 0.24517781 0.11682993
7561977102 1.84602000 -0.10302186 2.66309740 -0.63561001 0.71159916 0.29266495 0.06303793
7563526431 1.63623830 -0.11445095 2.52279690 -0.65363795 0.70082031 0.25367405 0.13136893
7563743004 1.56145570 -0.11346775 2.50127050 -0.66275522 0.69648887 0.21633616 0.16987479
7564675934 1.48826350 -0.12227408 2.53058900 -0.59378251 0.73358773 0.32701574 0.04829154
7564909166 1.55847720 -0.13966490 2.49397750 -0.54502189 0.73472751 0.40350624 -0.01758823
7565275674 1.59791080 -0.15356532 2.40780140 -0.50510020 0.72555021 0.46232902 -0.06857523
7565642182 1.57144340 -0.19368327 2.34466700 -0.48660920 0.71830893 0.49461340 -0.05100350
7565892074 1.51589700 -0.24169742 2.33003620 -0.46792441 0.72870522 0.49999773 0.00614086
7566225263 1.43515670 -0.29849750 2.32070600 -0.43397873 0.73626010 0.51450407 0.06977883
7566658409 1.35993240 -0.34362330 2.35338400 -0.37793441 0.73645269 0.55468555 0.08442130
7567274808 1.25540890 -0.30582798 2.46366600 -0.31666036 0.74656092 0.58328595 -0.04637350
7567458063 1.26479590 -0.24572909 2.44008660 -0.33887159 0.72049083 0.59130871 -0.12811335
7567657976 1.27146710 -0.18242058 2.41316080 -0.36574544 0.69637802 0.58574741 -0.19541724
7568074462 1.24016050 -0.10635680 2.43931460 -0.40793384 0.65092651 0.57494519 -0.28164283
7568424311 1.21977440 -0.08501346 2.50285050 -0.34597179 0.61329466 0.59855892 -0.38196911
7568757500 1.18528530 -0.07753615 2.49548720 -0.26934708 0.56030372 0.64340489 -0.44670129
7569140667 1.10302350 -0.07444900 2.48005130 -0.23980190 0.52457504 0.66262257 -0.47775246
7569590472 1.02107480 -0.07610656 2.48712920 -0.18768418 0.48479724 0.67963961 -0.51752902
7569923661 0.96938740 -0.07167046 2.52216460 -0.14001232 0.44402185 0.68954985 -0.55476315
7570256851 0.91098280 -0.08261593 2.57093400 -0.05874018 0.38838006 0.69450828 -0.60280078
7570556721 0.82912760 -0.08816338 2.60725240 -0.00274050 0.35334079 0.70610739 -0.61364088
7571156461 0.57483130 -0.12470326 2.72800400 0.01234589 0.38494824 0.70888382 -0.59088591
7571556288 0.48666530 -0.18213457 2.85580180 0.03655155 0.43680920 0.70165844 -0.56172693
7571889477 0.42230868 -0.23843339 2.97907700 0.10865115 0.43865565 0.69085513 -0.56435390
7572122709 0.33028770 -0.25186604 3.04822560 0.19799281 0.38651535 0.66397411 -0.60872253
7572272644 0.26008016 -0.25323300 3.07785920 0.24659039 0.34765518 0.65098312 -0.62813218
7572439239 0.18328643 -0.25462420 3.10016180 -0.29211405 -0.30557837 -0.63274650 0.64878587
7572639152 0.09593823 -0.24683662 3.12899230 -0.32082843 -0.26512251 -0.62100788 0.66417497
7573305530 0.06015731 -0.28873387 3.29023270 -0.32430836 -0.33651087 -0.61761382 0.63256437
7573472125 0.12494592 -0.32010737 3.34805250 0.29740306 0.42299275 0.61216872 -0.59822906
7573588741 0.17558444 -0.34721634 3.38878300 0.28466765 0.47879678 0.61258705 -0.56076294
7573738676 0.22191578 -0.36839270 3.42955260 0.27182466 0.51970265 0.61324923 -0.52909913
7574038546 0.27546123 -0.41534140 3.48102900 0.27293825 0.58243911 0.60402622 -0.47055469
7574355076 0.32954827 -0.43593380 3.53525570 0.18308341 0.66680373 0.62238526 -0.36672855
7574771562 0.23287466 -0.40284935 3.53658320 -0.02331988 0.72109716 0.66184335 -0.20356437
7574938156 0.20446402 -0.36319956 3.52735730 -0.11638005 0.74186756 0.63904079 -0.16647844
7575071432 0.20080924 -0.32727826 3.52229790 -0.19928031 0.75032837 0.61366455 -0.14391149
7575387962 0.22144382 -0.27240290 3.47960300 -0.33111109 0.75939346 0.55702729 -0.05837479
7575754470 0.28109780 -0.19269355 3.39483450 -0.42916716 0.74702308 0.50518761 -0.05057202
7576137637 0.35524932 -0.12889105 3.29695920 -0.49520539 0.73125205 0.46553858 -0.05758372
7577203842 0.39135626 -0.11391329 3.44465760 -0.53794026 0.72899132 0.42240632 -0.02765548
7577453734 0.32154107 -0.12953916 3.57059570 -0.55757206 0.73044756 0.39419134 0.01315093
7577587009 0.25722983 -0.14065000 3.62267260 -0.58560476 0.72683506 0.35231758 0.06819226
7577670307 0.20937656 -0.15056162 3.64237800 -0.60311004 0.72142349 0.31775229 0.12181919
7577786923 0.13915550 -0.17047861 3.64867970 -0.63049695 0.70166300 0.26109151 0.20487521
7577886879 0.08217765 -0.19034858 3.63337560 -0.64842822 0.67296368 0.20865140 0.28831462
7578003496 0.02731828 -0.21136084 3.59582570 0.66786131 -0.62689294 -0.15285493 -0.37094728
7578103452 -0.00566830 -0.22524598 3.55748220 0.68219646 -0.58524236 -0.11337212 -0.42337470
7578220069 -0.03405897 -0.23317180 3.51849940 0.69102753 -0.54384869 -0.06830569 -0.47121533
7578403323 -0.08148900 -0.23162355 3.44893740 0.69687083 -0.48899713 0.00713335 -0.52459695
7578536598 -0.12320229 -0.22557187 3.38139900 0.69805957 -0.44953069 0.06761419 -0.55322990
7578703193 -0.18256487 -0.21297610 3.28008300 0.68642486 -0.39612956 0.14852918 -0.59147389
7578886447 -0.24549526 -0.19832880 3.15829730 0.66124693 -0.34687810 0.21723868 -0.62867753
7579086360 -0.29243666 -0.18029962 3.04630140 -0.63033490 0.30471424 -0.27787329 0.65773366
7579369571 -0.34005567 -0.16377142 2.94575400 -0.59784756 0.24899308 -0.34690168 0.67840988
7579636122 -0.39668328 -0.17126676 2.90440060 -0.57518049 0.19949606 -0.39021785 0.69072336
7579919333 -0.48018500 -0.19867489 2.88355800 -0.55312640 0.11609497 -0.43817899 0.69897948
7580135905 -0.52823037 -0.23326667 2.86702700 -0.54357026 0.03273783 -0.46230222 0.69981159
7580385797 -0.56592685 -0.25435070 2.83416530 -0.51290498 -0.03723284 -0.48242354 0.70909077
7580635689 -0.60793830 -0.27266520 2.77460360 -0.48069209 -0.09665351 -0.50340751 0.71145913
7580902240 -0.65998280 -0.27673003 2.68521430 -0.44886864 -0.13838752 -0.54086995 0.69772884
7581202110 -0.70301990 -0.25905344 2.59492040 -0.40440124 -0.17612762 -0.56897105 0.69405377
7581468662 -0.71428674 -0.25670236 2.52910640 -0.35998872 -0.22739221 -0.59064521 0.68544813
7581868488 -0.80740297 -0.25082254 2.41634560 -0.30519952 -0.26339708 -0.62458164 0.66885949
7582251656 -0.91813505 -0.26663810 2.27688840 -0.27537987 -0.32494945 -0.62761235 0.65167209
7582601504 -0.99350320 -0.25791913 2.11464070 -0.24812339 -0.32813965 -0.64196961 0.64701946
7582784758 -1.02721540 -0.19949819 2.03014450 0.20514974 0.28243425 0.66663099 -0.65859517
7582968012 -1.06355110 -0.14950877 1.96870430 0.17934426 0.24405229 0.67533187 -0.67245890
7583351180 -1.18056540 -0.11408737 1.89597460 -0.18453300 -0.18948013 -0.67196217 0.69174540
7583734347 -1.35254980 -0.11175704 1.84879890 -0.21980271 -0.14819778 -0.67545092 0.68810627
7584117514 -1.52728900 -0.12172006 1.80828690 -0.27114850 -0.11386585 -0.65053969 0.70022223
7584384065 -1.65288330 -0.14311172 1.74111020 -0.32840049 -0.07797788 -0.61791729 0.71010618
7584617298 -1.75254960 -0.16076426 1.67265490 -0.38653806 -0.04673937 -0.57625384 0.71856473
7584983806 -1.83997380 -0.20359720 1.60349950 -0.45207271 -0.03374340 -0.51913216 0.72456432
7585300335 -1.93038200 -0.25169380 1.60548100 -0.50980414 -0.01198072 -0.46873668 0.72127812
7585550227 -2.02918820 -0.28866480 1.64026520 -0.54989410 0.00416904 -0.41989872 0.72200011
7585900075 -2.17404500 -0.31307513 1.70267960 -0.57098853 0.01226252 -0.39954697 0.71706621
7586349881 -2.39138580 -0.30914178 1.67459440 -0.55233405 0.00527270 -0.41413418 0.72345848
7586483156 -2.50093560 -0.29895157 1.65737520 -0.57877930 0.06929825 -0.39941296 0.70758855
7586566453 -2.57627990 -0.28969806 1.65225300 -0.60621988 0.10980952 -0.38062891 0.68960928
7586666410 -2.65656140 -0.27534730 1.64940830 -0.62523846 0.14985453 -0.36207316 0.67492482
7586982940 -2.85821990 -0.27518500 1.62943630 0.66160292 -0.18112263 0.32286607 -0.65209944
7587132875 -2.95056030 -0.26977837 1.63530360 0.67154078 -0.21764928 0.31996491 -0.63188941
7587316129 -3.05232000 -0.24484475 1.64845700 0.68058078 -0.25452429 0.32781642 -0.60379101
7587549361 -3.14793940 -0.21401703 1.65121770 0.67771792 -0.28651372 0.33358919 -0.58934418
7587899209 -3.26233120 -0.17020333 1.60975560 0.67072936 -0.34672624 0.33657703 -0.56268903
7588149101 -3.31976370 -0.12494144 1.54379210 0.65110293 -0.38850160 0.34658550 -0.55227708
7588332355 -3.34556300 -0.09056784 1.47430110 0.62570550 -0.41003796 0.36954317 -0.55117995
7588648885 -3.38354700 -0.05661260 1.36404280 0.59601114 -0.42591546 0.41152203 -0.54223276
7588965414 -3.44230870 -0.05291265 1.28402200 -0.56199238 0.39544173 -0.44797534 0.57193400
7589765068 -3.59391400 -0.01895866 1.16042660 0.58787642 -0.46290229 0.43394874 -0.50180801
7590014959 -3.62039450 0.00138389 1.10631350 0.62562092 -0.54036361 0.36963622 -0.42423425
7590181554 -3.62527870 0.01986501 1.06237170 0.63934329 -0.58400445 0.32692395 -0.37854945
7590364808 -3.61473970 0.04430480 1.01869440 0.65452508 -0.61433919 0.29753076 -0.32505341
7590498083 -3.59607400 0.05222398 0.99349236 0.66692710 -0.63410216 0.28093458 -0.27239395
7590764635 -3.53819540 0.06263120 0.95175680 0.68566154 -0.65702519 0.24519203 -0.19510772
7591047845 -3.47248900 0.07556487 0.89953710 0.69583923 -0.68116268 0.18532052 -0.13221753
7591381034 -3.43137430 0.08312840 0.83317370 0.70670699 -0.69438121 0.11768760 -0.06745075
7591630926 -3.43983340 0.08956650 0.80054337 0.71357298 -0.69707857 0.06921575 -0.01021040
7591864158 -3.46242640 0.08180835 0.79379190 0.70742903 -0.70603604 0.00352972 0.03232361
7592047412 -3.47942690 0.06372240 0.80084336 -0.69134073 0.71901026 0.05776520 -0.04165833
7592430580 -3.50558400 0.02630678 0.78249854 -0.66985565 0.72537637 0.14909108 -0.05379937
7592797088 -3.50590040 -0.06520436 0.77520365 -0.65312079 0.72636590 0.20985294 0.04227955
7592913704 -3.51641320 -0.10952397 0.77423690 -0.64750571 0.72100185 0.22498119 0.10137135
7593080298 -3.53251770 -0.17302075 0.75885934 -0.62675515 0.71509358 0.24259869 0.19226292
7593446806 -3.44676400 -0.22453094 0.70915896 -0.60516313 0.70895099 0.31211464 0.18371319
7593613401 -3.34555220 -0.22908033 0.67067640 -0.57736050 0.71744475 0.37216499 0.11584951
7593713357 -3.27558970 -0.23090880 0.63514550 -0.55340034 0.71962416 0.41420959 0.06572324
7593779995 -3.23017570 -0.23041087 0.60635644 -0.53768625 0.71724544 0.44249110 0.02557545
7593863292 -3.17578000 -0.22885191 0.56995726 -0.51544201 0.71293909 0.47500048 -0.02029596
7593946590 -3.12396400 -0.22543235 0.53639330 -0.48921882 0.70786794 0.50589176 -0.06050988
7594079865 -3.05106600 -0.21754970 0.48205727 -0.44718733 0.69897248 0.54351397 -0.12670252
7594229800 -2.97508980 -0.20903419 0.42908670 -0.40168739 0.67966287 0.58155793 -0.19620397
7594429714 -2.86729430 -0.20964356 0.36687112 -0.33542059 0.65877411 0.61801012 -0.26753166
7594679606 -2.74625950 -0.22700962 0.30384856 -0.23893944 0.64654624 0.64607829 -0.32782426
7594929497 -2.66538930 -0.22414592 0.24992315 -0.16968503 0.59755642 0.67913077 -0.39104310
7595062773 -2.64520500 -0.20095146 0.21390307 -0.15219947 0.56179228 0.68944728 -0.43114638
7595412621 -2.58520940 -0.18643072 0.09932245 -0.11060831 0.51346534 0.69524869 -0.49066119
7595712492 -2.47284960 -0.17660150 -0.05954158 -0.09336668 0.47955634 0.69834014 -0.52309600
7595995702 -2.35866480 -0.15606440 -0.23088442 -0.05502895 0.43712571 0.70983041 -0.54957595
7596228934 -2.26832630 -0.15822400 -0.35732610 -0.00263603 0.40317986 0.71190600 -0.57500339
7596562123 -2.09222840 -0.14639294 -0.49430305 0.04128133 0.33852653 0.70929519 -0.61692461
7597178523 -1.84925750 -0.13835557 -0.71912163 0.06741723 0.30817271 0.70466665 -0.63555441
7597411755 -1.77321470 -0.10101651 -0.82360166 0.03104478 0.28215258 0.71545014 -0.63840209
7597561690 -1.72532640 -0.05748061 -0.86640230 -0.02712807 0.27644576 0.71680398 -0.63955756
7597694966 -1.68059380 -0.00899759 -0.88731880 -0.08587113 0.26113749 0.71226751 -0.64583927
7597861560 -1.61735140 0.02863335 -0.88661840 -0.16558055 0.27253646 0.69152788 -0.64814825
7598011495 -1.53667660 0.04410758 -0.87817603 -0.21455649 0.28784938 0.68091406 -0.63832929
7598144771 -1.46629640 0.05851577 -0.85470200 -0.25699977 0.31126210 0.65743707 -0.63627315
7598361344 -1.35576490 0.07868569 -0.81129354 0.31994366 -0.35071842 -0.62018318 0.62450417
7598594576 -1.24839930 0.06287293 -0.77247060 -0.35251962 0.41480738 0.60400415 -0.58210286
7598761171 -1.17979820 0.04137366 -0.75247630 -0.37295246 0.45763307 0.59962921 -0.54029922
7598894446 -1.12743310 0.02129724 -0.74286836 -0.38535590 0.49691844 0.59396072 -0.50178039
7599044381 -1.06909410 -0.00336347 -0.73998535 -0.40076877 0.53568194 0.58406774 -0.45966740
7599327592 -0.95705240 -0.05008692 -0.74235255 -0.42460602 0.58573395 0.57846172 -0.37683884
7599610803 -0.88427037 -0.07960111 -0.71994233 -0.44413454 0.62389770 0.56488641 -0.30724505
7599993970 -0.82865465 -0.09947714 -0.58983070 -0.47893411 0.64473438 0.54101852 -0.24947676
7600310499 -0.75710120 -0.11477482 -0.37221557 -0.47170677 0.66144297 0.54009661 -0.21973067
7600677007 -0.64268600 -0.12899193 -0.14592241 -0.46226708 0.67244688 0.54307836 -0.19796524
7601076834 -0.38589543 -0.15960084 0.05509374 -0.46007679 0.67435418 0.53966253 -0.20576723
7601460001 -0.15455109 -0.16294976 0.20960397 -0.44561358 0.65556860 0.56599800 -0.22650522
7601909806 0.06385596 -0.15984029 0.40020576 -0.42180652 0.65060589 0.57586750 -0.25916760
7602392930 0.25953263 -0.17677575 0.52631146 -0.41548630 0.65154592 0.58328053 -0.25028559
7603375838 0.08750466 -0.15170520 0.50913450 -0.35945658 0.64388037 0.61555282 -0.27803555
7603858962 0.03931843 -0.12167533 0.58547866 -0.30519739 0.62743308 0.64123198 -0.31938037
7606407857 0.23266001 -0.12479933 0.62510550 -0.29284460 0.61842370 0.64747770 -0.33550977
7606841002 0.41983443 -0.14981881 0.65528524 -0.27087609 0.60269439 0.65466802 -0.36714492
7607174191 0.62571900 -0.15358694 0.70394915 -0.23937331 0.57545650 0.67088837 -0.40181965
7607540699 0.84986700 -0.17358859 0.75442710 -0.18101143 0.55128609 0.68316914 -0.44339422
7607990504 1.07623980 -0.19392236 0.75165355 -0.09803712 0.52625685 0.69729369 -0.47668015
7608323693 1.25210880 -0.21991408 0.64765435 -0.08062916 0.51113810 0.70824790 -0.48023087
7608640223 1.43906300 -0.22023769 0.54435873 -0.10489674 0.53355431 0.70868828 -0.44953019
7608923433 1.62818250 -0.24817638 0.46990895 -0.13844943 0.55668705 0.70390506 -0.41886626
7609223303 1.80001700 -0.25726655 0.40106810 -0.19793162 0.59822378 0.69073474 -0.35473496
7609406557 1.87230230 -0.25858065 0.38414717 -0.23139837 0.63837387 0.66824822 -0.30393736
7609689768 1.94691980 -0.25030660 0.35451162 -0.32131447 0.67975337 0.62108608 -0.22123393
7610239530 2.09892800 -0.22161819 0.26298553 -0.42346423 0.69650933 0.56785919 -0.11440602
7610506081 2.22395660 -0.21773589 0.29958594 -0.46189638 0.69589056 0.54286889 -0.08764379
7610855929 2.40303970 -0.20333411 0.37890464 -0.49273961 0.70205839 0.51106691 -0.05596704
7611422350 2.73065020 -0.19308507 0.40162778 -0.53621759 0.69872186 0.47325156 -0.01707125
7611888815 3.01879860 -0.20571066 0.48356703 -0.52539695 0.71208080 0.46572232 -0.00130817
7612288641 3.25440300 -0.22273141 0.64199775 -0.49995519 0.72609563 0.47175505 0.01664687
7612688468 3.46701960 -0.25645313 0.76758070 -0.50382465 0.72447231 0.46603202 0.06414631
7613104954 3.62509130 -0.29219055 0.90126540 -0.51205152 0.70327601 0.46073929 0.17585620
7613338186 3.67730860 -0.31315690 1.01496760 -0.52603032 0.68701726 0.44041473 0.23944572
7613654716 3.71642830 -0.29739937 1.19056270 -0.55953041 0.67028647 0.38807982 0.29501833
7613904608 3.75891380 -0.24779049 1.28447450 -0.59250593 0.67387003 0.34786715 0.27170636
7614021224 3.79625230 -0.20236820 1.31574630 -0.62107883 0.68148328 0.31859284 0.21986412
7614137840 3.84213040 -0.15722583 1.34192110 -0.64096246 0.69060822 0.29088842 0.16616660
7614271115 3.89655570 -0.11883017 1.36996190 -0.65899744 0.69068974 0.27206532 0.12103931
7614504348 3.97967650 -0.08591958 1.41628770 -0.67971853 0.68203989 0.25749666 0.08062117
7614804218 4.05742550 -0.06102364 1.46170870 0.68220011 -0.67743548 -0.27499008 -0.00804039
7615403958 4.05268200 -0.03525228 1.63883550 -0.66764987 0.67850197 0.29680688 -0.07605528
7615553893 4.03815200 -0.02928436 1.69129490 -0.65682626 0.67940731 0.31286042 -0.09541134
7615870422 3.94776800 -0.03315051 1.79080620 -0.66781359 0.69541968 0.26224350 -0.04055651
7616070336 3.87144680 -0.03748465 1.83757390 -0.68529608 0.69933257 0.20187279 0.02346515
7616353546 3.81213280 -0.04374946 1.87862290 0.70209088 -0.69267638 -0.13315885 -0.09765521
7616636757 3.78659530 -0.05718852 1.93610010 0.71544071 -0.66975573 -0.07437379 -0.18450038
7616919967 3.76520870 -0.07396711 2.00097870 0.72706177 -0.62987010 -0.01121766 -0.27298171
7617186518 3.73082520 -0.10154963 2.06112580 0.72472138 -0.58604591 0.02866630 -0.36125802
7617386432 3.67639200 -0.12423842 2.11325450 0.71676998 -0.55952940 0.05130478 -0.41295941
7617669642 3.55685760 -0.13478844 2.19723440 0.71042416 -0.53394192 0.09844681 -0.44778540
7618002831 3.41785500 -0.15230890 2.29781060 0.70242989 -0.49932952 0.11002184 -0.49513380
7618469296 3.30711410 -0.18271236 2.43852900 0.68505771 -0.43607296 0.16679167 -0.55921092
7618935760 3.22338370 -0.19076265 2.59731480 0.67772441 -0.35742384 0.23788121 -0.59695088
7619935327 2.90296800 -0.20589626 2.74863340 0.67780016 -0.36076889 0.22073067 -0.60142392
7620251856 2.87512520 -0.18703122 2.84853270 0.68451314 -0.39303023 0.21123317 -0.57649766
7620968212 2.66145180 -0.19943040 3.00598670 0.68958584 -0.42396650 0.16936226 -0.56217452
7621234764 2.48791530 -0.22131600 3.07552430 0.70314726 -0.46587934 0.05988225 -0.53381128
7621684569 2.29690810 -0.22270267 3.20091200 0.70690909 -0.50866331 0.00882798 -0.49138909
7621917801 2.19757770 -0.22572774 3.33765720 0.72021604 -0.53350817 -0.02202178 -0.44291413
7622134374 2.11756130 -0.22233135 3.46507140 0.72530239 -0.53954465 -0.05784315 -0.42365338
7622550860 1.94574580 -0.23819138 3.67607000 0.72560529 -0.55761272 -0.09436999 -0.39199403
7622984005 1.75687940 -0.23676299 3.86859400 0.71874855 -0.56293874 -0.09773643 -0.39616673
7623300535 1.68253100 -0.23733197 4.01418920 0.72742731 -0.56013895 -0.07937116 -0.38832213
7623483789 1.62665180 -0.23112424 4.07914000 0.72959909 -0.52972843 -0.01658852 -0.43220109
7623667042 1.55526580 -0.23097809 4.09349250 0.72574721 -0.47202078 0.06914278 -0.49568804
7623783659 1.50997520 -0.23399103 4.08546000 0.71389120 -0.43228224 0.12124591 -0.53739264
7623916934 1.45597980 -0.23548523 4.07593630 0.69827576 -0.39095607 0.17593304 -0.57324679
7624033550 1.41077390 -0.23622546 4.06422900 0.67943108 -0.35766102 0.22646925 -0.59930266
7624166826 1.35150420 -0.23545332 4.05635450 0.65752909 -0.32220190 0.27371744 -0.62363467
7624483355 1.21354170 -0.21776372 4.05918460 -0.62717722 0.26245269 -0.35207509 0.64328100
7625199712 0.99528456 -0.19046858 4.13515300 -0.58790511 0.20286267 -0.43303884 0.65245052
7625716154 0.84457710 -0.17258185 4.14739370 -0.55274324 0.17343190 -0.47039673 0.66567500
7626149300 0.69789300 -0.14397153 4.01782400 -0.51844843 0.18500513 -0.49960356 0.66886517
7626632424 0.58648914 -0.14195466 3.88900110 -0.47776203 0.13284367 -0.53211422 0.68625830
7626865656 0.52499956 -0.13995019 3.85668400 -0.43611351 0.09323927 -0.56896475 0.69093455
7627098888 0.46054065 -0.12963837 3.83550600 -0.38848923 0.05374796 -0.61335691 0.68555130
7627448736 0.41569352 -0.11596543 3.81151250 -0.33807251 0.01650710 -0.64269810 0.68729444
7628165093 0.40590677 -0.04652792 3.68622470 -0.28899099 0.08372262 -0.66584411 0.68273447
7629031384 0.40076604 -0.00948257 3.55760000 -0.23767659 0.12526534 -0.67858417 0.68362414
7629497848 0.38107103 -0.00069568 3.56006840 0.15016801 -0.05600825 0.71248807 -0.68313498
7629980972 0.37610510 -0.00191041 3.59640000 0.07059164 0.01967990 0.72056849 -0.68950023
