# timestamp tx ty tz qx qy qz qw  (camera-to-world)
7672901107 1.56452680 0.26440778 1.04129200 0.52626425 -0.50190647 0.47599899 -0.49453088
7673967294 1.53983760 0.26366872 0.97002600 -0.50185967 0.45968015 -0.50644664 0.52947411
7674083908 1.54009250 0.26240320 0.91412180 -0.46914497 0.41957314 -0.53601783 0.56262444
7674183863 1.54417180 0.25928274 0.85798514 -0.43320846 0.37496554 -0.56547530 0.59326972
7674283818 1.55175640 0.25863760 0.79995203 -0.39486692 0.33230735 -0.59008621 0.62084636
7674400432 1.56632600 0.26063585 0.73805270 -0.35300950 0.28725395 -0.61621400 0.64276727
7674517046 1.58558710 0.26459140 0.68784654 -0.30743601 0.24796489 -0.63736813 0.66163312
7674633660 1.61064970 0.26641750 0.64768210 -0.26083310 0.20528346 -0.65478673 0.67902808
7674783593 1.64249710 0.26884654 0.61164240 -0.21384284 0.14919678 -0.67521266 0.68999958
7675050139 1.66183870 0.26741242 0.59039830 -0.13362160 0.07000425 -0.69505195 0.70295623
7675300027 1.66030800 0.27023703 0.59645250 0.04840663 0.01176667 0.70844719 -0.70400350
7675566573 1.64690630 0.27216506 0.62740666 -0.03637785 0.09448284 0.72003102 -0.68651655
7675833120 1.64211230 0.27038460 0.67120350 -0.11611397 0.17147439 0.71323060 -0.66963885
7675983052 1.65678320 0.26974140 0.70867485 -0.16640551 0.22116862 0.70198419 -0.65621022
7676166303 1.67878990 0.26768330 0.74440240 -0.21850423 0.26696373 0.69036465 -0.63591110
7676416191 1.72764110 0.26323676 0.79597290 -0.27742477 0.32888379 0.66817675 -0.60696851
7676649419 1.80269770 0.26349774 0.86963034 -0.33093361 0.38530665 0.63966404 -0.57693297
7676899306 1.90618150 0.27067912 0.97395986 -0.37599652 0.44093289 0.59906986 -0.55255779
7677149194 2.01542740 0.27393338 1.08138620 -0.41585834 0.49966418 0.55516211 -0.51883773
7677415740 2.14591800 0.25695667 1.16191120 -0.45813445 0.54557526 0.53014755 -0.45978696
7677648968 2.28151130 0.25634587 1.21503110 -0.51360890 0.58218997 0.47770202 -0.41117091
7677982151 2.48300080 0.27335808 1.25602250 -0.56428548 0.61167472 0.42827664 -0.35215771
7678315334 2.69167500 0.31107682 1.26276970 -0.55923476 0.58273745 0.42101618 -0.41281826
7678415289 2.74288850 0.34797180 1.26751080 0.57029496 -0.54166107 -0.41675478 0.45572185
7678515244 2.78250810 0.39340740 1.26834710 0.58749209 -0.48736833 -0.40503084 0.50326452
7678648517 2.82510420 0.45027018 1.26173850 0.59408685 -0.40638548 -0.39768144 0.56900011
7678798449 2.86520550 0.48957180 1.25248980 0.58167079 -0.32770381 -0.40370425 0.62553352
7679015017 2.93347500 0.51214385 1.23887660 0.56029547 -0.23880082 -0.42301900 0.67089349
7679248245 3.03699280 0.51512720 1.21067080 0.53184873 -0.14935233 -0.46632192 0.69092306
7679381518 3.09371000 0.52013900 1.18463160 0.50284502 -0.09346964 -0.49852926 0.69991349
7679514791 3.14515230 0.52298814 1.15233290 0.45053860 -0.02545930 -0.53796797 0.71200931
7679664724 3.19402620 0.52774580 1.11581270 0.37353786 0.05888210 -0.59082914 0.71268737
7679847974 3.25919800 0.52662003 1.09254740 0.27176763 0.17668315 -0.64636469 0.69075184
7679964588 3.31232980 0.52416444 1.08914300 -0.20124744 -0.24961320 0.67162880 -0.66791277
7680081202 3.36556740 0.52278080 1.08972140 -0.12716682 -0.31110491 0.68717111 -0.64407935
7680214475 3.42088910 0.52124876 1.09730460 -0.05157831 -0.37021283 0.68896009 -0.62097998
7680397725 3.47940870 0.52480930 1.12882270 0.01969194 -0.40755049 0.68727057 -0.60097753
7680580976 3.52435230 0.52198905 1.17388730 0.09035121 -0.44680219 0.68224509 -0.57161709
7680814204 3.56837820 0.51925730 1.25920690 0.16723436 -0.49821762 0.67326792 -0.52011747
7681030773 3.60905860 0.51638890 1.33139680 0.24827546 -0.52721528 0.66532955 -0.46662613
7681247342 3.65418050 0.52331287 1.38569880 0.30917502 -0.56617048 0.64831012 -0.40442031
7681380615 3.67768900 0.53206420 1.41047700 0.34300741 -0.59955079 0.63055213 -0.35396153
7681580525 3.68364760 0.53647065 1.44685030 -0.41290832 0.64635652 -0.57633602 0.28207580
7681730458 3.68259380 0.53176683 1.47924980 -0.45597282 0.68313955 -0.52400186 0.22545772
7681897050 3.68645880 0.52653000 1.50972820 -0.50087365 0.70466449 -0.47213598 0.17222416
7682513439 3.71880320 0.47945070 1.53005780 -0.54804002 0.68038390 -0.43358468 0.22075825
7682646712 3.71857260 0.42779392 1.55369090 -0.57595870 0.63687525 -0.41458172 0.30130298
7682896600 3.74259600 0.35709417 1.59033060 0.60800099 -0.59247414 0.37364075 -0.37376702
7683512990 3.69967170 0.33595970 1.73987360 0.63914209 -0.60565867 0.30244919 -0.36496501
7683712900 3.66881820 0.31842402 1.85451830 0.66236142 -0.63985991 0.22053716 -0.32127870
7683812855 3.67237500 0.29617570 1.93151270 0.67561192 -0.66140401 0.14854924 -0.28987305
7683929469 3.69719340 0.26476532 2.01729770 -0.68154029 0.68274151 -0.05543807 0.25747522
7683996106 3.72188570 0.24838838 2.05526260 -0.68267647 0.68938011 -0.01134991 0.24203117
7684112721 3.77800850 0.22945866 2.09893540 -0.68242066 0.69847036 0.04246146 0.21127760
7684245994 3.85208680 0.21731630 2.12696390 -0.67866944 0.70684165 0.09244409 0.17673928
7684429246 3.95861460 0.19649622 2.13569970 -0.67493406 0.70805177 0.13510397 0.15771373
7684712452 4.12944360 0.19521168 2.12598400 -0.68308473 0.70043223 0.17565623 0.10924662
7684929022 4.26769070 0.20626386 2.12255140 -0.67645568 0.70076217 0.22163655 0.04708863
7685162251 4.41568000 0.20240681 2.13759110 -0.65147224 0.70783817 0.27282260 -0.01081054
7685412139 4.56659900 0.19971240 2.18312500 -0.63559176 0.70593137 0.30725937 -0.05723361
7685628709 4.72197700 0.21103498 2.23589700 -0.61883948 0.69664654 0.34659044 -0.10768643
7685828619 4.85570760 0.21215817 2.24875740 -0.57799264 0.69881641 0.39186942 -0.15497902
7686078508 4.99004900 0.20078185 2.22945700 -0.53725137 0.69080168 0.44154238 -0.19797558
7686345055 5.09218600 0.20479813 2.18917130 -0.53485054 0.67439740 0.45275640 -0.23266863
7686511648 5.13141900 0.25401697 2.15770770 -0.56948301 0.64292860 0.42742227 -0.28220937
7686611603 5.14222530 0.30701610 2.12580200 -0.59482502 0.60600381 0.40986085 -0.33310160
7686744877 5.14242550 0.38404930 2.06967520 0.62091390 -0.55208275 -0.37462262 0.41149540
7686928128 5.14504500 0.45034444 2.02342370 0.63539923 -0.49442792 -0.35456756 0.47548996
7687178017 5.15255740 0.47674930 2.03443480 0.65938975 -0.49688341 -0.29524309 0.48077391
7687344609 5.14272300 0.48698157 2.07676630 0.69846695 -0.51919059 -0.20877582 0.44609158
7687477883 5.13106630 0.49175430 2.11352230 0.72212772 -0.54762914 -0.11862297 0.40566301
7687611157 5.13259270 0.49243003 2.14502640 0.73306175 -0.58365432 -0.02622896 0.34825299
7687811068 5.16553450 0.50545520 2.18290520 0.72507587 -0.62864426 0.07193194 0.27184034
7688027638 5.23377800 0.51330810 2.22844500 0.70228600 -0.67768361 0.13332755 0.17251975
7688427460 5.40427300 0.49726820 2.26180650 0.69300245 -0.67383635 0.24952631 0.05855592
7688560734 5.45120570 0.49986650 2.25220510 0.67619691 -0.67002630 0.30603817 -0.01277185
7688694008 5.49618100 0.49962533 2.24323030 -0.65272646 0.66864086 -0.34634627 0.08313747
7688960556 5.56107430 0.49795264 2.20065830 -0.60753917 0.65883021 -0.40496667 0.18122059
7689177127 5.60516830 0.49340874 2.13447790 -0.56249415 0.63689120 -0.46091426 0.25598433
7689327060 5.64094700 0.49530613 2.09433480 -0.52414339 0.62428147 -0.49204715 0.30567296
7689610268 5.68245740 0.48416078 2.07898190 -0.48907776 0.58543320 -0.51032566 0.39703732
7689860157 5.66390130 0.41711510 2.13618640 -0.50884537 0.52286849 -0.49614263 0.47066700
7689993431 5.67648840 0.38291782 2.15737100 0.49367333 -0.47140448 0.52675983 -0.50654570
7690160024 5.70153600 0.32769495 2.16448260 -0.48684202 0.38988138 -0.54157901 0.56362180
7690309957 5.71045060 0.26020855 2.15932700 -0.50157960 0.30770744 -0.52831229 0.61206222
7690543187 5.69582300 0.15155126 2.15472900 -0.54573958 0.22672064 -0.46062883 0.66225912
7691059624 5.68627300 0.04728231 2.04769950 -0.57704328 0.15223038 -0.42204071 0.68244311
7691226217 5.73466250 -0.00352190 1.94213950 -0.55369981 0.05967503 -0.44397203 0.70195744
7691342832 5.79116500 -0.04703196 1.86390380 -0.52402221 -0.02032009 -0.45627951 0.71888582
7691459447 5.85899500 -0.08116496 1.80006150 -0.49377264 -0.10484101 -0.47703494 0.71946828
7691609381 5.90322600 -0.09120434 1.74550200 -0.45784212 -0.16473655 -0.50234681 0.71476580
7691809292 5.88993930 -0.06504960 1.69638630 -0.40406390 -0.18711358 -0.52700757 0.72386732
7692092500 5.72426130 -0.03811706 1.64031110 -0.35845759 -0.17288836 -0.55469592 0.73070528
7692225774 5.55867240 -0.03297965 1.61651360 -0.34767423 -0.15220668 -0.56205973 0.73487728
7692309071 5.42698800 -0.02112363 1.60688820 -0.35038649 -0.12513617 -0.56347346 0.73760959
7692375708 5.30627300 -0.00640012 1.59810770 -0.36699282 -0.10143090 -0.55919470 0.73643013
7692459004 5.15559800 0.01465668 1.58953760 -0.38604308 -0.07189590 -0.54886440 0.73793604
7692558960 4.97210170 0.03033896 1.58276820 -0.42426841 -0.01983446 -0.52438925 0.73798294
7692658916 4.78702070 0.03332122 1.57726290 -0.45683919 0.02455403 -0.49809875 0.73660891
7692775531 4.58977460 0.03164236 1.55551060 -0.46479916 0.06038850 -0.50184018 0.72696039
7692892146 4.41117100 0.04304072 1.51546200 -0.46664309 0.08928199 -0.50436014 0.72103662
7693075398 4.16907100 0.06709321 1.45997700 -0.47738925 0.09189248 -0.49193205 0.72225905
7693291969 3.90044620 0.02068141 1.40537060 -0.49016332 0.06154014 -0.47213727 0.73009529
7693458562 3.71218300 -0.06979163 1.34063840 -0.53354251 -0.00949753 -0.45544812 0.71260732
7693691792 3.57374760 -0.12204365 1.22406790 -0.52387797 -0.14845660 -0.45982792 0.70147758
7693825067 3.53709170 -0.13119203 1.12545560 -0.48959537 -0.20351447 -0.49364428 0.68934285
7693925022 3.52576300 -0.12842679 1.03459950 -0.45457871 -0.22816177 -0.52867708 0.67955938
7694024978 3.51317330 -0.12146837 0.92815900 -0.41900836 -0.25100930 -0.55340762 0.67466016
7694158253 3.50159620 -0.10256908 0.78757740 -0.36979598 -0.28208438 -0.58052582 0.66833308
7694341505 3.50478900 -0.07366271 0.62170720 -0.32083740 -0.32486561 -0.60595710 0.65141514
7694558076 3.51165960 -0.06228669 0.42937317 -0.28047133 -0.35072551 -0.62624318 0.63729658
7694741328 3.53209470 -0.06469309 0.25079286 0.25220121 0.38002378 0.64610268 -0.61198677
7694874603 3.57423300 -0.06204079 0.11979289 0.23498095 0.41175339 0.64926429 -0.59472597
7694991218 3.63722830 -0.07507222 0.00946175 0.20984888 0.44609373 0.65312392 -0.57479821
7695107833 3.71917440 -0.10358373 -0.09847473 0.18727802 0.51095828 0.62787418 -0.55643741
7695241108 3.82129860 -0.15105460 -0.20509980 0.18901920 0.59155436 0.60450368 -0.49890929
7695424360 3.90431710 -0.18822488 -0.31457093 0.18266003 0.66274143 0.58735792 -0.42710629
7695657590 3.84137770 -0.16816854 -0.55567783 0.20045056 0.59087474 0.61098191 -0.48722450
7695707568 3.80136370 -0.16018547 -0.62622270 0.21607622 0.55230502 0.61717296 -0.51707618
7695757546 3.75183820 -0.15210485 -0.69911250 0.23734906 0.50970020 0.61812136 -0.54936064
7695824184 3.67137930 -0.14373933 -0.79515000 0.28460153 0.44660069 0.61248096 -0.58687040
7695874162 3.60131430 -0.13354117 -0.85882080 -0.32341945 -0.39386149 -0.60088431 0.61580113
7695924139 3.52677350 -0.12459046 -0.91279210 -0.36466153 -0.33588352 -0.58370587 0.64303320
7695974117 3.45114900 -0.11813112 -0.95683120 -0.41165474 -0.28173038 -0.56059206 0.66098783
7696024095 3.37587620 -0.11247215 -0.98967373 -0.45298095 -0.22563729 -0.53186099 0.67898451
7696074073 3.30213950 -0.10935112 -1.01316330 -0.49159590 -0.17464190 -0.49495147 0.69487893
7696140711 3.21058080 -0.10911025 -1.03272280 -0.53809279 -0.10794520 -0.44830949 0.70556544
7696240666 3.09079430 -0.11399984 -1.05136760 -0.59367012 -0.02008933 -0.38502213 0.70633573
7696373941 2.96687320 -0.11334175 -1.07452850 -0.64158360 0.07014824 -0.30892260 0.69858180
7696640490 2.78189540 -0.11526340 -1.10849190 -0.68473864 0.15867732 -0.18269117 0.68744341
7696740446 2.71212360 -0.11460193 -1.11267230 0.69288694 -0.18214575 0.16371346 -0.67818030
7696890380 2.58723140 -0.10763962 -1.08752670 0.71018297 -0.23825746 0.13155625 -0.64928151
7696973677 2.51235870 -0.10329828 -1.05818160 0.73029204 -0.27335288 0.11320386 -0.61574072
7697090292 2.41191360 -0.09018368 -1.00617090 0.74108278 -0.30950842 0.07594865 -0.59095910
7697240226 2.30548140 -0.07968222 -0.94369230 0.74555185 -0.34522670 0.02393514 -0.56955954
7697356841 2.23494940 -0.07171451 -0.89842093 0.75007474 -0.38417237 -0.02356985 -0.53781404
7697456797 2.17715330 -0.06476028 -0.86208296 0.76179429 -0.42064943 -0.06755481 -0.48801626
7697673368 2.05872400 -0.02800079 -0.82160460 0.75083097 -0.50167836 -0.15357086 -0.40123268
7697839961 1.93172050 -0.02271461 -0.85174980 0.72673829 -0.51815772 -0.16953891 -0.41787629
7697939917 1.82678270 -0.03112109 -0.89431670 0.72833426 -0.49849164 -0.14684459 -0.44662284
7698006555 1.74495110 -0.03898999 -0.94158890 0.72720554 -0.47526122 -0.10393957 -0.48424729
7698089851 1.63639470 -0.05506036 -1.01297300 0.72121792 -0.42842337 -0.04083236 -0.54279908
7698156489 1.55679210 -0.06380622 -1.07239170 0.70941966 -0.38625487 0.01452682 -0.58933852
7698239785 1.46799890 -0.06631028 -1.13421550 0.69426001 -0.34583875 0.07720773 -0.62644837
7698356401 1.35608170 -0.06097070 -1.18962910 0.68658694 -0.29846577 0.13418088 -0.64923959
7698539653 1.21022240 -0.04967117 -1.24648020 0.68441709 -0.24680425 0.18102143 -0.66173420
7698639609 1.13299480 -0.05499344 -1.28330400 0.67802423 -0.22674626 0.19991152 -0.67000348
7698756225 1.03526570 -0.07337168 -1.34693880 -0.66481676 0.18672745 -0.21981009 0.68908277
7698856181 0.95389307 -0.08282485 -1.41499980 -0.64299730 0.15800535 -0.24206347 0.70922074
7698989455 0.84670895 -0.08518831 -1.49542570 -0.60948837 0.11605649 -0.24727307 0.74425187
7699222686 0.69045436 -0.12324560 -1.56264540 -0.58232470 0.02694475 -0.20011185 0.78748153
7699389279 0.62995390 -0.19557999 -1.58298620 -0.57993699 -0.10111524 -0.18830099 0.78612437
7699772444 0.51245314 -0.17791909 -1.52409080 -0.48526029 -0.26408254 -0.35159100 0.75575567
7699939037 0.37016886 -0.14241764 -1.46184830 -0.48596209 -0.20220837 -0.37205839 0.76454246
7699989015 0.30106992 -0.13425608 -1.43499080 -0.51019934 -0.15822520 -0.36877378 0.76070186
7700038993 0.22194338 -0.12506461 -1.39762450 -0.53516097 -0.09600385 -0.36365031 0.75640231
7700072312 0.16555959 -0.11732434 -1.36673130 -0.55439242 -0.05332098 -0.35413313 0.75126270
7700122290 0.07901334 -0.10453874 -1.31005360 -0.58532988 0.01766505 -0.33322499 0.73894383
7700155608 0.02202334 -0.09206733 -1.26396440 -0.60500430 0.07423307 -0.31701436 0.72660935
7700188927 -0.03263328 -0.07912261 -1.21150240 -0.62410341 0.13332103 -0.29533805 0.71098232
7700222246 -0.08365683 -0.06593689 -1.15321250 -0.64373394 0.19042197 -0.26524755 0.69209091
7700255564 -0.12795857 -0.05100149 -1.08965740 -0.66288405 0.24847062 -0.23149987 0.66727423
7700288883 -0.16243106 -0.03606677 -1.02276530 0.67836180 -0.30724633 0.19889996 -0.63707438
7700322202 -0.18843196 -0.02339757 -0.95442760 0.69153847 -0.35776124 0.16158882 -0.60635839
7700355520 -0.20649207 -0.01142134 -0.88563776 0.70222306 -0.40050238 0.11881079 -0.57651072
7700388839 -0.21605246 -0.00085767 -0.81838250 0.70861324 -0.44172889 0.07689650 -0.54482088
7700455477 -0.21736670 0.01649350 -0.69529057 0.70787193 -0.50995051 0.00718137 -0.48868828
7700538773 -0.20605140 0.02778886 -0.56745050 0.70566916 -0.56154480 -0.06947164 -0.42646473
7700622070 -0.19935174 0.03957052 -0.46940870 0.70492687 -0.59532616 -0.10462780 -0.37110362
7700772004 -0.21035993 0.06238163 -0.32707950 0.69582807 -0.63226623 -0.12121938 -0.31838433
7700921938 -0.22667788 0.09513616 -0.20481946 0.70164766 -0.65163283 -0.14516999 -0.24897967
7701188488 -0.29734412 0.16466138 -0.01331750 0.71094111 -0.66866063 -0.12073118 -0.18132755
7701505015 -0.46232194 0.23048069 0.20512399 0.70076969 -0.69693712 -0.07855545 -0.13049726
7701688268 -0.54860850 0.27837240 0.30799687 -0.69975799 0.70473403 0.03466027 0.11174688
7701854861 -0.60898894 0.32632148 0.39120740 -0.70323778 0.70602870 -0.03344685 0.07655983
7702121411 -0.68373364 0.38306183 0.54256380 0.70388857 -0.69938228 0.11726214 -0.04068041
7702504576 -0.75896335 0.43009007 0.78755120 0.70318962 -0.70061182 0.11376030 0.04154559
7702637850 -0.76833785 0.45625020 0.87243980 -0.69834742 0.70054072 -0.08870628 -0.11698197
7702754466 -0.75290650 0.47460258 0.95742786 -0.67814395 0.70587882 -0.01416581 -0.20409604
7702821103 -0.73304430 0.47269958 1.00844660 -0.66855939 0.70089111 0.04484365 -0.24447706
7702871081 -0.71359370 0.46525878 1.04860270 -0.66049033 0.69538851 0.10024748 -0.26483540
7702921059 -0.69120586 0.45262802 1.08756340 -0.64796318 0.69019779 0.16074331 -0.27916360
7702987697 -0.66425294 0.42889732 1.13711100 -0.63207092 0.67824693 0.22500489 -0.29973363
7703054334 -0.63679430 0.40403550 1.18558750 -0.61379080 0.66775470 0.28452479 -0.31049985
7703170950 -0.60096070 0.37015810 1.25947210 -0.59488392 0.65134136 0.34372946 -0.32205219
7703604093 -0.49159460 0.31946027 1.51954670 -0.55201332 0.62795850 0.43348453 -0.33621508
7704137192 -0.34149417 0.29973260 1.87905000 -0.49170555 0.59487100 0.50882536 -0.38138026
7704487038 -0.12345514 0.27334908 2.03740980 -0.42618660 0.57355247 0.56249103 -0.41594037
7704720269 0.07428514 0.26079288 2.08329840 -0.39799928 0.52226107 0.60549699 -0.44968137
7704953500 0.24905843 0.21337340 2.24285170 -0.40383036 0.53957103 0.63231461 -0.38205023
7705036797 0.28567633 0.15882027 2.34475950 -0.42006036 0.57544232 0.62576402 -0.31754501
7705103434 0.30207983 0.09521608 2.43887570 -0.43257042 0.61577590 0.61114336 -0.24537046
7705170072 0.30997956 0.02337878 2.52891250 -0.44055351 0.65702674 0.59008813 -0.16132102
7705236709 0.31668610 -0.04605609 2.61104870 -0.44338454 0.68210808 0.57477413 -0.08816700
7705286687 0.32318850 -0.09669396 2.66707230 -0.43730266 0.68647321 0.58013400 -0.03107180
7705369984 0.32169905 -0.15564126 2.74993800 -0.43822763 0.67786908 0.58763645 0.05597719
7705469940 0.31274524 -0.17490095 2.83688350 -0.45625685 0.67779293 0.56202053 0.12868316
7705586556 0.31498885 -0.14565414 2.92212300 -0.48391009 0.68559089 0.51985418 0.15983671
7705769808 0.34584808 -0.10523810 3.03365610 -0.50464801 0.70494736 0.45864690 0.19499391
7705886424 0.38978460 -0.11426836 3.11609550 -0.49330611 0.72258417 0.42175743 0.23799551
7706069677 0.54358435 -0.13501757 3.28263570 -0.48421814 0.72634263 0.45002067 0.18825667
7706136315 0.62994580 -0.13519585 3.33906630 -0.47309974 0.73551681 0.46352583 0.14260248
7706202952 0.71979060 -0.12811044 3.38504670 -0.45875575 0.72552086 0.50344000 0.09854345
7706269589 0.81387720 -0.11701956 3.41527460 -0.43776402 0.72747209 0.52515020 0.05800256
7706369545 0.96669930 -0.11766918 3.44872200 -0.39372608 0.71940688 0.57206688 0.01315299
7706436183 1.07525030 -0.12241819 3.46357630 -0.36708255 0.72088071 0.58747997 -0.02118203
7706536139 1.25105630 -0.14531924 3.49289600 -0.32183994 0.71076483 0.62292493 -0.05654157
7706636095 1.42010370 -0.15046924 3.51417540 -0.30370155 0.69494657 0.64250228 -0.10956937
7706769370 1.63935340 -0.13708362 3.52263740 -0.25412133 0.68780518 0.66603801 -0.13689322
7706885986 1.82331310 -0.12412596 3.52304650 -0.23771278 0.67930395 0.67488246 -0.16301056
7707019261 2.04531880 -0.12170036 3.51849060 -0.22474680 0.66061434 0.68796379 -0.19945775
7707152536 2.25429150 -0.09258725 3.51488350 -0.24116671 0.64689129 0.68312621 -0.23813622
7707335788 2.52091500 -0.06322607 3.52457360 -0.21290845 0.64126677 0.69808141 -0.23691615
7707469063 2.70385360 -0.06598890 3.52196930 -0.18695392 0.63317688 0.70329435 -0.26365192
7707585679 2.85718630 -0.06930535 3.51202150 -0.17667279 0.61095767 0.70920690 -0.30420885
7707768932 3.06901530 -0.02567110 3.49805600 -0.14702454 0.59432340 0.72316936 -0.31967102
7707952185 3.26640500 -0.00526776 3.50647780 -0.17497185 0.59954850 0.71141387 -0.32220607
7708018822 3.34130260 -0.00293260 3.51181940 -0.18785105 0.60023183 0.70693876 -0.32352946
7708168757 3.51229570 0.01219496 3.53724810 -0.23424578 0.59969442 0.69429719 -0.32163168
7708268713 3.62070820 0.02760920 3.56308980 -0.25688546 0.61305431 0.68391751 -0.30071766
7708468625 3.82398410 0.03374456 3.61604300 -0.29519147 0.62385871 0.67459573 -0.26188338
7708585241 3.94827800 0.02840869 3.65287730 -0.31842370 0.63691927 0.65805924 -0.24474117
7708685197 4.05863140 0.01430872 3.69873860 -0.33351132 0.67084318 0.62956552 -0.20588074
7708768494 4.14874460 -0.01149430 3.74633030 -0.32431716 0.70873154 0.60804945 -0.15097633
7708835131 4.21076700 -0.03901161 3.78485010 -0.30690452 0.73384964 0.59832902 -0.09631568
7709035044 4.38658700 -0.10791865 3.85347220 -0.26235754 0.75414248 0.60164968 0.02133792
7709201637 4.58372640 -0.13713844 3.84147400 -0.23208061 0.75492014 0.61336983 0.00340911
7709268275 4.67508000 -0.13753854 3.81629350 -0.22326012 0.74808128 0.62397957 -0.03433386
7709318253 4.75160740 -0.13458249 3.79044680 -0.21549458 0.73529565 0.63831525 -0.07386503
7709368231 4.82568900 -0.12511544 3.75511500 -0.20232896 0.71870269 0.65454158 -0.11876344
7709418209 4.89997670 -0.11198840 3.71670820 -0.18672723 0.69985500 0.66983797 -0.16325753
7709468187 4.96685740 -0.09534742 3.67675570 -0.16543482 0.67696008 0.68735279 -0.20470103
7709518165 5.03183560 -0.08439301 3.63892770 -0.13635560 0.64936216 0.70751243 -0.24323259
7709618121 5.14377640 -0.07035379 3.55916170 -0.05801493 0.61148272 0.72584704 -0.30962757
7709751396 5.26597000 -0.06949753 3.46528770 0.03346304 0.55319745 0.73818845 -0.38461750
7709868012 5.35836400 -0.07849949 3.39509300 0.11741361 0.49738736 0.73537612 -0.44501889
7710034605 5.44483800 -0.07701163 3.30567740 0.25761142 0.41169496 0.70784270 -0.51293501
7710184540 5.49374600 -0.09584861 3.23840670 0.38008833 0.36371771 0.65469760 -0.54278295
7710334474 5.52182600 -0.12798700 3.17265100 0.46680958 0.30736871 0.61116526 -0.56043761
7710517727 5.54242130 -0.14804506 3.08167840 -0.54137482 -0.22541007 -0.56516293 0.58025380
7710900893 5.67755400 -0.09272263 2.89983300 -0.55370323 -0.15514938 -0.54407073 0.61100609
7710984189 5.76261600 -0.05551266 2.84169240 -0.48585063 -0.16758501 -0.57378672 0.63767800
7711067486 5.86169500 -0.01846512 2.78328850 -0.41027422 -0.19784890 -0.59934952 0.65826365
7711134124 5.93814750 0.00335494 2.73837380 -0.35838317 -0.24368253 -0.60849682 0.66476458
7711217421 6.01602360 0.02278641 2.69448280 -0.29966433 -0.29194131 -0.61922473 0.66447896
7711334036 6.09345670 0.03647986 2.63601730 -0.25428696 -0.33134149 -0.63370872 0.65112535
7711467311 6.12764170 0.04810563 2.56518600 -0.21231402 -0.35271437 -0.63786299 0.65088105
7711617246 6.12321100 0.06257111 2.46802800 -0.16476971 -0.36406936 -0.63964651 0.65662530
7711850477 6.06844300 0.11803821 2.27818300 0.10598018 0.34304277 0.67094304 -0.64878756
7712000411 6.03096530 0.16816917 2.15396020 0.06292123 0.32402810 0.68070089 -0.65398242
7712117027 6.00356630 0.19842532 2.05056760 0.03954485 0.29104801 0.68587920 -0.66580552
7712283620 5.97645200 0.19635692 1.94151450 0.00943358 0.24746210 0.69308547 -0.67698305
7712516851 5.97095160 0.24015445 1.71585880 -0.00138492 0.19060017 0.70128647 -0.68692572
7712850039 5.97752500 0.29082125 1.44087000 -0.02801608 0.13601796 0.70896591 -0.69143441
7713133248 6.02695800 0.34171185 1.24548090 -0.11090662 0.10949438 0.71210948 -0.68455152
7713766304 6.23989440 0.40315460 0.96681494 0.12116928 -0.03708836 -0.69897553 0.70382929
